[gd_scene format=3 uid="uid://w7ehv0ti4dgq"]

[ext_resource type="PackedScene" uid="uid://43ttkxtbb3h5" path="res://animation_transference/template_psx_charter.glb" id="1_okmqt"]
[ext_resource type="Script" uid="uid://c7d7nsmswr1cb" path="res://animation_transference/eskeleton_exposer.gd" id="2_ld77h"]

[node name="template_psx_charter" unique_id=1741890091 node_paths=PackedStringArray("skelenton") instance=ExtResource("1_okmqt")]
script = ExtResource("2_ld77h")
skelenton = NodePath("metarig/GeneralSkeleton")

[node name="GeneralSkeleton" parent="metarig" parent_id_path=PackedInt32Array(2002233796) index="0" unique_id=876537971]
bones/0/position = Vector3(0, 1.0099, -0.05519999)
bones/0/rotation = Quaternion(1.4901161e-08, 0, 0, 1)
bones/4/rotation = Quaternion(-1.6763806e-08, 0, 0, 1)
bones/5/rotation = Quaternion(-1.4901161e-08, 0, 0, 1)
bones/6/rotation = Quaternion(-2.2351744e-08, 0, 0, 1)
bones/8/rotation = Quaternion(-0.22438805, 0.7850605, -0.537421, -0.21097128)
bones/9/rotation = Quaternion(0.5201475, -0.5669985, 0.33336174, 0.54482055)
bones/10/rotation = Quaternion(-1.46683306e-08, 0.70710677, -1.46683306e-08, 0.70710677)
bones/12/rotation = Quaternion(-0.4737383, 0.51645476, -0.49786022, -0.5108638)
bones/13/rotation = Quaternion(-0.07165765, 0.7030117, 0.045925267, 0.706067)
bones/14/rotation = Quaternion(0.06726885, -0.6982556, -0.06371857, 0.70982665)
bones/19/rotation = Quaternion(2.5068541e-08, -6.258486e-07, 1, -3.871622e-09)
bones/20/rotation = Quaternion(-6.482214e-17, 1, 1.8849967e-06, 9.119592e-17)
bones/21/rotation = Quaternion(2.2800812e-15, 0.70710677, -0.70710677, 9.819372e-16)
bones/24/rotation = Quaternion(1.8784318e-08, -6.258486e-07, 1, 3.7028132e-09)
bones/25/rotation = Quaternion(2.6710978e-16, 1, 1.8849967e-06, 6.8192637e-16)
bones/26/rotation = Quaternion(1.1150763e-15, 0.70710677, -0.70710677, 5.9914775e-16)
bones/29/position = Vector3(0.26973554, 1.2301631, -0.049199957)
bones/30/position = Vector3(0.27165195, 1.5618333, -0.5202963)
bones/33/position = Vector3(-0.22451389, 1.5020657, 0.51474607)
bones/33/rotation = Quaternion(-0.714483, 0.0019369423, 0.69964725, -0.00197801)
bones/34/position = Vector3(-0.20992899, 1.2419538, -0.4375088)
bones/36/rotation = Quaternion(0.70710677, 1.3767877e-07, 1.3767877e-07, 0.70710677)

[node name="spine_006" parent="metarig/GeneralSkeleton" index="0" unique_id=282610464]
transform = Transform3D(1, 0, 0, 0, 0.99999976, 7.823107e-08, 0, -7.823108e-08, 0.99999964, 0, 1.7812996, 0.02469993)

[node name="spine_005" parent="metarig/GeneralSkeleton" index="1" unique_id=1202486597]
transform = Transform3D(1, 0, 0, 0, 1, 3.3527613e-08, 0, -3.3527613e-08, 1, 0, 1.7196996, 0.01299992)

[node name="hand_L" parent="metarig/GeneralSkeleton" index="2" unique_id=2113556742]
transform = Transform3D(0.09711501, 0.018646497, -0.9950985, -0.6140036, -0.7857655, -0.074646816, -0.783306, 0.6182433, -0.064860605, 0.26974225, 1.2301142, -0.04919043)

[node name="forearm_L" parent="metarig/GeneralSkeleton" index="3" unique_id=672583909]
transform = Transform3D(-0.9950985, 0.018646494, -0.09711501, -0.074646816, -0.7857655, 0.61400366, -0.064860605, 0.61824334, 0.783306, 0.283988, 1.4109783, -0.2393687)

[node name="upper_arm_L" parent="metarig/GeneralSkeleton" index="4" unique_id=519859934]
transform = Transform3D(-0.12555557, 0.32165754, -0.9384946, 0.57243204, -0.749137, -0.3333398, -0.81028223, -0.57907706, -0.090068735, 0.1953, 1.5845996, -0.026700005)

[node name="hand_R" parent="metarig/GeneralSkeleton" index="5" unique_id=823993688]
transform = Transform3D(-0.02698932, -0.0879625, 0.99575824, 0.9995927, -0.011631712, 0.026065728, 0.009289712, 0.99605596, 0.08824068, -0.22451371, 1.5020654, 0.51474625)

[node name="forearm_R" parent="metarig/GeneralSkeleton" index="6" unique_id=32403908]
transform = Transform3D(-0.99575824, -0.08796244, -0.026989343, -0.009270179, -0.1959267, 0.9805749, -0.09154175, 0.9766655, 0.1942803, -0.21590981, 1.5142154, 0.25233263)

[node name="upper_arm_R" parent="metarig/GeneralSkeleton" index="7" unique_id=79004025]
transform = Transform3D(-0.019348681, -0.05541444, 0.99827605, 0.99938697, -0.030213088, 0.01769304, 0.029180676, 0.9980063, 0.055965126, -0.1953, 1.5845996, -0.026700005)

[node name="spine_003" parent="metarig/GeneralSkeleton" index="8" unique_id=1041382079]
transform = Transform3D(1, 0, 0, 0, 1, -2.9802322e-08, 0, 2.9802322e-08, 1, 0, 1.4656998, -0.0059000105)

[node name="spine_001" parent="metarig/GeneralSkeleton" index="9" unique_id=582892890]
transform = Transform3D(1, 0, 0, 0, 1, -2.9802322e-08, 0, 2.9802322e-08, 1, 0, 1.1573, -0.017199997)

[node name="foot_L" parent="metarig/GeneralSkeleton" index="10" unique_id=1131418005]
transform = Transform3D(-1, 5.013706e-08, -7.743404e-09, -7.743279e-09, 2.488494e-06, 1, 5.0137082e-08, 1, -2.488494e-06, 0.098, 0.08520001, -0.016198993)

[node name="shin_L" parent="metarig/GeneralSkeleton" index="11" unique_id=1701193215]
transform = Transform3D(1, 7.743402e-09, -5.0137057e-08, 7.743277e-09, -1, -2.488494e-06, -5.013708e-08, 2.488494e-06, -1, 0.098000005, 0.5371999, 0.028599638)

[node name="thigh_L" parent="metarig/GeneralSkeleton" index="12" unique_id=1724276172]
transform = Transform3D(-1, 7.743213e-09, 5.0137086e-08, -7.743277e-09, -1, -1.2814995e-06, 5.013708e-08, -1.2814995e-06, 1, 0.098, 1.072, -0.012399979)

[node name="foot_R" parent="metarig/GeneralSkeleton" index="13" unique_id=738059505]
transform = Transform3D(-1, 3.7568665e-08, 7.4055078e-09, 7.405601e-09, 2.488494e-06, 1, 3.7568643e-08, 1, -2.488494e-06, -0.098, 0.08520001, -0.016198993)

[node name="shin_R" parent="metarig/GeneralSkeleton" index="14" unique_id=1112311568]
transform = Transform3D(1, -7.4055087e-09, -3.756866e-08, -7.405602e-09, -1, -2.488494e-06, -3.756864e-08, 2.488494e-06, -1, -0.098, 0.5371999, 0.028599638)

[node name="thigh_R" parent="metarig/GeneralSkeleton" index="15" unique_id=1536146603]
transform = Transform3D(-1, -7.40565e-09, 3.7568633e-08, 7.4056015e-09, -1, -1.2814995e-06, 3.756864e-08, -1.2814995e-06, 1, -0.098, 1.072, -0.012399979)

[node name="spine" parent="metarig/GeneralSkeleton" index="16" unique_id=1520052618]
transform = Transform3D(1, 0, 0, 0, 1, -2.9802322e-08, 0, 2.9802322e-08, 1, 0, 1.0099, -0.05519999)
